%YAML:1.0
image_width: 1280
image_height: 720
camera_name: /d435
camera_matrix: !!opencv-matrix
  rows: 3
  cols: 3
  dt: d
  data: [920.10001, 0.000000, 635.94159, 0.000000, 923.52767, 366.81371, 0.000000, 0.000000, 1.000000]
distortion_model: plumb_bob
distortion_coefficients: !!opencv-matrix
  rows: 1
  cols: 5
  dt: d
  data: [0.092643, -0.160610, -0.000223, -0.002631, 0.000000]
rectification_matrix: !!opencv-matrix
  rows: 3
  cols: 3
  dt: d
  data: [0.999969, -0.006553, 0.004475, 0.006550, 0.999978, 0.000743, -0.004480, -0.000714, 0.999990]
projection_matrix: !!opencv-matrix
  rows: 3
  cols: 4
  dt: d
  data: [926.99756,   0., 632.02357,   0., 0., 937.40448, 366.68297, 0., 0., 0., 1., 0.]
